126
0 0 0 B
2.02855 2.02855 0 B
0 2.02855 2.02855 B
2.02855 0 2.02855 B
4.05711 0 0 B
6.08566 2.02855 0 B
4.05711 2.02855 2.02855 B
6.08566 0 2.02855 B
8.11422 0 0 B
10.1428 2.02855 0 B
8.11422 2.02855 2.02855 B
10.1428 0 2.02855 B
0 4.05711 0 B
2.02855 6.08566 0 B
0 6.08566 2.02855 B
2.02855 4.05711 2.02855 B
4.05711 4.05711 0 B
6.08566 6.08566 0 B
4.05711 6.08566 2.02855 B
6.08566 4.05711 2.02855 B
8.11422 4.05711 0 B
10.1428 6.08566 0 B
8.11422 6.08566 2.02855 B
10.1428 4.05711 2.02855 B
0 8.11422 0 B
2.02855 10.1428 0 B
0 10.1428 2.02855 B
2.02855 8.11422 2.02855 B
4.05711 8.11422 0 B
6.08566 10.1428 0 B
4.05711 10.1428 2.02855 B
6.08566 8.11422 2.02855 B
8.11422 8.11422 0 B
10.1428 10.1428 0 B
8.11422 10.1428 2.02855 B
10.1428 8.11422 2.02855 B
0 0 4.05711 B
2.02855 2.02855 4.05711 B
0 2.02855 6.08566 B
2.02855 0 6.08566 B
4.05711 0 4.05711 B
6.08566 2.02855 4.05711 B
4.05711 2.02855 6.08566 B
6.08566 0 6.08566 B
8.11422 0 4.05711 B
10.1428 2.02855 4.05711 B
8.11422 2.02855 6.08566 B
10.1428 0 6.08566 B
0 4.05711 4.05711 B
2.02855 6.08566 4.05711 B
0 6.08566 6.08566 B
2.02855 4.05711 6.08566 B
4.05711 4.05711 4.05711 B
6.08566 6.08566 4.05711 B
4.05711 6.08566 6.08566 B
6.08566 4.05711 6.08566 B
8.11422 4.05711 4.05711 B
10.1428 6.08566 4.05711 B
8.11422 6.08566 6.08566 B
10.1428 4.05711 6.08566 B
0 8.11422 4.05711 B
2.02855 10.1428 4.05711 B
0 10.1428 6.08566 B
2.02855 8.11422 6.08566 B
4.05711 8.11422 4.05711 B
6.08566 10.1428 4.05711 B
4.05711 10.1428 6.08566 B
6.08566 8.11422 6.08566 B
8.11422 8.11422 4.05711 B
10.1428 10.1428 4.05711 B
8.11422 10.1428 6.08566 B
10.1428 8.11422 6.08566 B
0 0 8.11422 B
2.02855 2.02855 8.11422 B
0 2.02855 10.1428 B
2.02855 0 10.1428 B
4.05711 0 8.11422 B
6.08566 2.02855 8.11422 B
4.05711 2.02855 10.1428 B
6.08566 0 10.1428 B
8.11422 0 8.11422 B
10.1428 2.02855 8.11422 B
8.11422 2.02855 10.1428 B
10.1428 0 10.1428 B
0 4.05711 8.11422 B
2.02855 6.08566 8.11422 B
0 6.08566 10.1428 B
2.02855 4.05711 10.1428 B
4.05711 4.05711 8.11422 B
6.08566 6.08566 8.11422 B
4.05711 6.08566 10.1428 B
6.08566 4.05711 10.1428 B
8.11422 4.05711 8.11422 B
10.1428 6.08566 8.11422 B
8.11422 6.08566 10.1428 B
10.1428 4.05711 10.1428 B
0 8.11422 8.11422 B
2.02855 10.1428 8.11422 B
0 10.1428 10.1428 B
2.02855 8.11422 10.1428 B
4.05711 8.11422 8.11422 B
6.08566 10.1428 8.11422 B
4.05711 10.1428 10.1428 B
6.08566 8.11422 10.1428 B
8.11422 8.11422 8.11422 B
10.1428 10.1428 8.11422 B
8.11422 10.1428 10.1428 B
10.1428 8.11422 10.1428 B
0 0 12.1713 B
2.02855 2.02855 12.1713 A
4.05711 0 12.1713 B
6.08566 2.02855 12.1713 B
8.11422 0 12.1713 B
10.1428 2.02855 12.1713 B
0 4.05711 12.1713 B
2.02855 6.08566 12.1713 B
4.05711 4.05711 12.1713 A
6.08566 6.08566 12.1713 B
8.11422 4.05711 12.1713 B
10.1428 6.08566 12.1713 B
0 8.11422 12.1713 B
2.02855 10.1428 12.1713 B
4.05711 8.11422 12.1713 B
6.08566 10.1428 12.1713 B
8.11422 8.11422 12.1713 B
10.1428 10.1428 12.1713 B
